[bg.jpg]
filters=CrossProcess=1,40.935673;finetune2=1,0.374269,0.000000,0.000000,00000000,0.000000;
moddate=00006568ccd10000
width=2000
height=1000
textactive=0
